0 1 10 6
1 2 6 6
2 3 2 6
3 4 5 6
4 5 2 6
5 6 2 6
6 7 8 6
7 8 6 6
8 9 10 6
10 11 2 1
11 12 3 1
12 13 4 1
13 14 5 1
14 15 7 1
15 16 2 1
16 4 2 1
4 17 2 1
17 18 1 1
18 19 4 1
19 20 6 1
20 21 3 1
21 22 9 1
22 23 13 1
24 25 4 3
25 26 10 3
26 27 5 3
27 28 2 3
15 28 1 3
15 29 3 3
29 30 2 3
5 30 1 3
5 31 2 3
31 32 4 3
32 33 3 3
33 34 1 3
34 35 2 3
35 36 2 3
36 37 8 3
38 39 7 4
39 40 1 4
40 41 1 4
41 42 3 4
2 42 1 4
2 43 2 4
18 43 2 4
18 44 1 4
31 44 1 4
31 45 3 4
45 46 1 4
46 47 2 4
47 48 4 4
48 49 2 4
49 50 5 4
50 51 5 4
8 51 4 4
8 52 5 4